JUNGLESCOUT WEBAPP CSV EXPORT 
Report Generated at: Fri May 05 2023 23:53:01 GMT-0700 (Pacific Daylight Time)
ASIN,Product Name,Brand,Category,Est. Monthly Revenue,Est. Monthly Sales,Price,Fees,Net,Rank,Reviews,LQS,Sellers,Date First Available,Buy Box Owner,Rating,Dimensions,Product Tier,Weight
"B0B4BPKGY5","Prince of Peace Ginger & Lemon Honey Crystals (18g x 10) (Pack of 3)","Prince Of Peace","Beauty & Personal Care","$23,181.30","1,290","$17.97","$8.49","$9.48","1,394","42","3","1","02/02/2017","Amazon","4.5","4.25"" x 7.09"" x 9.57""","Large standard-size","1.5454 lbs"
"B005GRFRKK","Princeton Tec Red Lens Cap for AA Models","Princeton Tec","Tools & Home Improvement","N.A.","N.A.","$7.67","$4.15","$3.52","1,981","1","2","1","04/15/2007","USA MILITARY STORE","5","7.00"" x 4.00"" x 1.00""","Large standard-size","0.05 lbs"
"B005GRFXN6","Princeton Tec Shockwave/Miniwave Lens Cap/Cover with Replacement Parts","Princeton Tec","Electronics","< $10.26","< 5","$10.26","$4.36","$5.90","1,393","3","3","1","08/09/2011","Less Is Always More ✱AUTHORIZED SELLER✱","5","3.30"" x 3.90"" x 1.80""","Large standard-size","0.2 lbs"
"B00009R8YA","Print File 35mm Size Negative Pages Holds Seven Strips of Five Frames with Contact Sheet  Pack of 100","Print File","Electronics","< $0.00","< 5","$32.48","$8.39","$24.09","141","1","5","1","06/16/2003","Adorama","5","11.50"" x 9.00"" x 1.50""","Large standard-size","2.7 lbs"
"B00009R8YB","Print File 35mm Size Negative Pages Holds Seven Strips of Five Frames with Contact Sheet  Pack of 25","Print File","Electronics","$90.75","5","$18.15","$4.37","$13.78","76","15","4","3","10/01/2001","Amazon","4.8","11.60"" x 9.50"" x 0.30""","Small standard-size","0.35 lbs"
"B00009R8Y9","Print File 35mm Size Negative Pages Holds Six Strips of Six Frames with Contact Sheet  Pack of 25","Print File","Electronics","< $31.90","< 5","$15.95","$4.87","$11.08","97","2","4","1","06/16/2003","Amazon","5","12.20"" x 10.10"" x 0.50""","Small standard-size","0.85 lbs"
"B0010CCHLW","Print File 5x7"" Polyethylene Bag with 2"" Flap  4 mil  100 Pack","Print File Archival Preservers","Electronics","N.A.","N.A.","$10.95","$4.47","$6.48","202","2","4","2","10/12/2008","Get Smart Products","5","9.80"" x 5.60"" x 0.60""","Small standard-size","0.75 lbs"
"B01GT496XW","Print File 8mil Polypropylene Postcard Album Pages  25 Pack","Print File","Electronics","< $0.00","< 5","$11.80","$4.01","$7.79","119","5","3","3","06/08/2016","K&M Camera Since 1976","4.7","0.47"" x 8.58"" x 11.69""","Small standard-size","0.6504 lbs"
"B01MTAGFS6","Print File Archival Storage Page for 2.5x2.5"" Prints  10 Pack","Print File","Electronics","< $0.00","< 5","$9.95","$4.57","$5.38","129","2","3","1","01/17/2017","M Z Photo","4.5","15.00"" x 12.00"" x 3.50""","Large standard-size","0.46 lbs"
"B0007RFIPI","Print File Flip Top Archival Photo Storage Box for 5x7"" Prints","Print File","Electronics","N.A.","N.A.","$15.03","$4.97","$10.06","432","2","3","1","06/16/2003","Adorama","4.7","7.90"" x 5.80"" x 4.60""","Large standard-size","0.4 lbs"
"B00009R90X","Print File Negative Pages Holds Two 5"" X 7"" Sleeved Negative or Transparency  Pack of 100","Print File","Electronics","< $0.00","< 5","$17.55","$6.54","$11.01","112","4","4","1","06/16/2003","Get Smart  Products","5","12.00"" x 8.70"" x 0.90""","Large standard-size","1.75 lbs"
"B0007YZ450","Print File Photo Pages Holds Eight 3 1/2x5 1/4"" Prints  Pack of 25","Print File","Electronics","< $0.00","< 5","$11.80","$4.01","$7.79","133","2","3","4","08/27/2005","K&M Camera Since 1976","5","13.20"" x 8.70"" x 0.50""","Small standard-size","0.65 lbs"
"B00009R8YL","Print File Photo Pages Holds Eight 4x5"" Prints  Pack of 25","Print File","Electronics","$283.20","24","$11.80","$4.53","$7.27","40","27","3","3","06/16/2003","Amazon","4.9","11.30"" x 9.30"" x 0.40""","Small standard-size","0.75 lbs"
"B00009R8YF","Print File Photo Pages Holds Four 3.5x10"" Panorama Prints  Pack of 25","Print File","Electronics","$100.60","5","$20.12","$5.20","$14.92","29","12","3","3","07/28/2007","Amazon","3.8","11.42"" x 9.21"" x 0.32""","Small standard-size","0.75 lbs"
"B001I6EVP0","Print File Premium Series-S Archival Storage Page for Prints - 25 Pack 060-5640","Print File","Electronics","< $0.00","< 5","$9.95","$3.87","$6.08","140","3","5","1","06/16/2003","Norman Camera & Video","5","11.00"" x 9.50"" x 0.60""","Small standard-size","0.7 lbs"
"B00009R8YU","Print File Ultima Archival 120 Size Negative Pages Holds Three Sleeved Strips of Four 6x6 Frames  Pack of 25  #ULT1203HB","Print File","Electronics","< $37.35","< 5","$12.45","$4.07","$8.38","109","5","4","1","06/16/2003","M Z Photo","4.8","12.80"" x 10.00"" x 0.50""","Small standard-size","0.65 lbs"
"B00009R8YW","Print File Ultima Archival 35mm Size Negative Pages Holds Six Sleeved Strips of Five Frames  Pack of 25  #ULT356HB","Print File","Electronics","< $22.10","< 5","$11.05","$3.95","$7.10","52","5","4","1","06/16/2003","Amazon","4.3","12.20"" x 9.30"" x 0.50""","Small standard-size","0.5 lbs"
"B00009R8YR","Print File Ultima Archival 35mm Size Negative Pages Holds Six Sleeved Strips of Six Frames  Pack of 100  #ULT356BXW","Print File","Electronics","< $28.77","< 5","$28.77","$5.37","$23.40","93","1","5","1","06/16/2003","Adorama","5","11.50"" x 10.10"" x 0.30""","Small standard-size","0.6 lbs"
"B00016STGA","Printfile 1 5in X 7in Negatives 100 Pack - Printfile 571100","Print File","Electronics","N.A.","N.A.","$18.81","$6.02","$12.79","237","1","4","1","06/16/2003","Adorama","4","2.00"" x 2.00"" x 2.00""","Large standard-size","0.75 lbs"
"B000I6WNBU","Printfile 7-35MM Strips Total of 42 Frames - Printfile 357BXW25","Print File","Electronics","$696.00","58","$12.00","$4.03","$7.97","56","47","3","2","06/16/2003","Amazon","4.6","12.50"" x 10.00"" x 0.30""","Small standard-size","0.5 lbs"
"B000I1A1AU","Printfile 8-3/4X11-5/16 With 1/16 Inch Lip 6 Mil Polypropolene Pack Of 100 - Printfile 85116PR","Print File","Electronics","< $0.00","< 5","$18.70","$6.64","$12.06","169","4","4","1","06/16/2003","Get Smart  Products","5","12.00"" x 8.90"" x 1.00""","Large standard-size","1.55 lbs"
"B00009R8Y6","Printfile Contact Proofing Preserver 3-120 Strips 12 Frames & 1 8X10 - Printfile CP1203HB25","Print File","Electronics","< $0.00","< 5","$16.95","$4.95","$12.00","103","3","4","2","01/15/2021","M Z Photo","4.6","13.00"" x 6.60"" x 0.40""","Small standard-size","0.75 lbs"
"B00009R8YG","Printfile Holds 10 31/2INX51/4IN Prints 25 Pack - Printfile 3510P25","Print File","Electronics","$108.56","8","$13.57","$4.68","$8.89","61","27","3","1","06/16/2003","Amazon","4.8","11.57"" x 9.84"" x 0.39""","Small standard-size","0.75 lbs"
"B06XSLRHJW","Privacy Screen Filter for 11.6 Inches Laptop  Screen Protector Size is 10.12 inch width x 5.71 inch height","EZ-Pro Screen Protector","Electronics","N.A.","N.A.","$17.99","$4.00","$13.99","64","41","6","1","03/21/2017","Amazon","3.7","0.16"" x 11.00"" x 13.23""","Small standard-size","0.2646 lbs"
"B06XS3LD2G","Privacy Screen Filter for 13.3 Inches Laptop  Screen Protector Size is 11.3 inch width x 7.05 inch height","EZ-Pro Screen Protector","Electronics","N.A.","N.A.","$19.99","$4.74","$15.25","458","13","6","1","03/21/2017","Amazon","2.7","14.61"" x 12.40"" x 0.20""","Large standard-size","0.25 lbs"
"B06XSQC743","Privacy Screen Filter for 15.4 Inches Laptop  Screen Protector Size is 13.07 inch width x 8.19 inch height","EZ-Pro Screen Protector","Electronics","$5,697.15","285","$19.99","$1.20","$18.79","581","3","6","1","03/21/2017","ez-Pro Screen Protector","4.5","14.61"" x 12.40"" x 0.20""","Standard (Large)","0.25 lbs"
"B07RYW1SSX","Private Mint Currency Design 1 oz .999 Pure Copper Round/Challenge Coin (1804 Draped Bust Dollar Design)","Jig Pro Shop","Toys & Games","$299.70","30","$9.99","$1.50","$8.49","461","21.666666666666668","5","1","08/23/2020","Jig Pro Shop LLC","4.466666666666667","6.00"" x 4.00"" x 0.25""","Standard (Small)","0.13 lbs"
"B01BH5KNPS","PRO 67mm Filter Kit + PRO Tulip Lens Hood for Nikon AF-S DX Nikkor 18-140mm f/3.5-5.6G ED VR - 67 mm Polarizing Filter  67mm UV Filter  67mm Florescent Filter & 67mm Flower Lens Shade Hood","Shop Smart Deals","Electronics","N.A.","N.A.","$24.95","$5.54","$19.41","1,323","14","6","1","02/03/2016","ShopSmart Deals","4.1","7.20"" x 5.80"" x 5.40""","Large standard-size","0.022 lbs"
"B01D93ABLC","PRO Digital Camera Remote Controller for Canon EOS EOS 70D  Elite Edge Intervalometer: Multi-Function Timer- Control Shutter Release- Cable Cord- LCD Display- Low Power Use - Unshakable Advantage!","Shop Smart Deals","Electronics","N.A.","N.A.","$25.00","$5.77","$19.23","520","18","7","1","03/20/2016","DSLRDEPOT","3.9","1.00"" x 9.00"" x 12.00""","Large standard-size","0.399 lbs"
"B005FQMM6E","PRO Performance 16GB  SD/HC  Class 10-163x Memory Card","ProMaster","Electronics","< $14.95","< 5","$14.95","$3.82","$11.13","432","13","3","1","08/02/2011","CameraSpot","4.1","4.00"" x 1.60"" x 0.20""","Small standard-size","0.05 lbs"
"B06X6JGC9X","Pro Trucker 1000 President Style 10 Watt CB Radio Speaker with Power Cord - Black","Pro Trucker","Electronics","< $53.97","< 5","$17.99","$6.58","$11.41","455","5","5","2","02/15/2017","webtron-x","4.8","5.51"" x 5.12"" x 2.80""","Large standard-size","1 lbs"
"B01G5TINPS","Pro Trucker 3 Pin Power Cord with Blade Fuse & Cigarette Lighter Plug","Pro Trucker","Electronics","< $0.00","< 5","$13.72","$4.64","$9.08","619","2","4","1","05/24/2016","Seller Kings","3.9","10.00"" x 1.00"" x 1.00""","Large standard-size","0.2 lbs"
"B01M7MDKX1","Pro Trucker 4.5"" 20 Watt Dynamic External Speaker with 6 ft 3.5mm Plug","Pro Trucker","Electronics","< $39.98","< 5","$19.99","$6.74","$13.25","482","14","4","2","10/06/2016","Amazon","3.8","5.00"" x 5.00"" x 5.00""","Large standard-size","1 lbs"
"B01M5832Z5","Pro Trucker 4.5"" 20 Watt Dynamic Noise Cancelling External Speaker","Pro Trucker","Electronics","$359.40","12","$29.95","$6.92","$23.03","156","9","4","1","10/06/2016","Seller Kings","4.1","5.00"" x 5.00"" x 5.00""","Large standard-size","0.88 lbs"
"B01FRCUJGA","Pro Trucker 5-Pin Microphone for Uniden and Cobra CB Radios","Pro Trucker","Electronics","< $35.98","< 5","$17.99","$5.21","$12.78","1,574","39","3","2","05/15/2016","Amazon","4","8.00"" x 5.00"" x 3.00""","Large standard-size","0.5 lbs"
"B01MT5EUXX","Pro Trucker Aluminum Double Groove Mirror Mount 4-Bolt Design Includes SO-239 Stud for CB Radio Antenna","Pro Trucker","Electronics","$127.60","8","$15.95","$4.82","$11.13","684","34","4","2","01/02/2017","Amazon","4.8","5.00"" x 4.00"" x 4.00""","Large standard-size","0.31 lbs"
"B01MZ658ZN","Pro Trucker Aluminum Double Groove Mirror Mount 4-Bolt Design Includes Super Heavy Duty SO-239 Stud for CB Radio Antenna","Pro Trucker","Electronics","$119.70","6","$19.95","$5.37","$14.58","577","6","5","1","01/02/2017","Seller Kings","3.4","5.00"" x 4.00"" x 4.00""","Large standard-size","0.5 lbs"
"B01N6AT8PH","Pro Trucker BNC Scanner Radio Receiver Glass Mount Wire Antenna with 2 Suction Cups - Black","Pro Trucker","Electronics","< $49.98","< 5","$24.99","$5.77","$19.22","1,298","18","5","1","11/28/2016","Seller Kings","4.1","6.00"" x 5.00"" x 2.00""","Large standard-size","0.5 lbs"
"B01G4IGRIK","Pro Trucker Brass Radio Mounting Bracket for PRO 510XL","Pro Trucker","Electronics","$231.40","26","$8.90","$4.25","$4.65","366","23","3","1","05/23/2016","Seller Kings","3.9","4.60"" x 2.30"" x 0.80""","Large standard-size","0.35 lbs"
"B01MS4FS2R","Pro Trucker CB Microphone Holder-Glow-in-The-Dark Plastic with One Hanger Per Package","Pro Trucker","Electronics","< $19.90","< 5","$9.95","$4.34","$5.61","484","10","4","1","01/04/2017","Seller Kings","3.1","4.00"" x 3.00"" x 1.00""","Large standard-size","0.13 lbs"
"B06WVFC4DH","Pro Trucker CB Microphone Mic Plug Connector Chassis Sockets for CB Ham Radio Amateur Radio Male & Female - 5-Pin","Pro Trucker","Electronics","$35.94","6","$5.99","$4.02","$1.97","162","9","4","2","02/16/2017","Seller Kings","4.6","2.00"" x 2.00"" x 2.00""","Large standard-size","0.13 lbs"
"B06WVDFTSH","Pro Trucker CB Radio Antenna Dual Mirro Mount with (2) SO-239 Antenna Studs","Pro Trucker","Electronics","< $51.80","< 5","$12.95","$4.58","$8.37","681","17","5","1","02/15/2017","Seller Kings","4.4","6.00"" x 2.00"" x 2.00""","Large standard-size","0.25 lbs"
"B01N2UVICW","Pro Trucker CB Radio Antenna Grounding Strap for CB Mount","Pro Trucker","Electronics","$191.40","12","$15.95","$4.20","$11.75","183","27","4","1","12/15/2016","Seller Kings","3.4","4.41"" x 2.87"" x 0.28""","Small standard-size","0.02 lbs"
"B01N1ZQFMT","Pro Trucker CB Radio Antenna Lug Stud Mount with Standard 3/8"" x 24 Thread and Lug Style Terminal Connection - Chrome","Pro Trucker","Electronics","$47.94","6","$7.99","$4.18","$3.81","439","40","4","2","01/05/2017","Seller Kings","4.1","4.00"" x 3.00"" x 1.00""","Large standard-size","0.25 lbs"
"B01G5WGR44","Pro Trucker CB Radio Antenna Mirror Mount for GM Vehicles Pre-1990","Pro Trucker","Electronics","< $45.90","< 5","$22.95","$5.38","$17.57","1,286","23","3","1","05/24/2016","Seller Kings","4.5","4.00"" x 2.00"" x 2.00""","Large standard-size","0.3 lbs"
"B01G4G1D90","Pro Trucker CB Radio Antenna Mirror Mount for International Trucks","Pro Trucker","Electronics","$237.86","14","$16.99","$5.13","$11.86","1,039","25","3","2","05/23/2016","Amazon","4.3","5.50"" x 4.50"" x 2.30""","Large standard-size","0.6 lbs"
"B01NCJA2NN","Pro Trucker CB Radio Antenna Stainless Steel Single Groove Mirror Mount with Stud","Pro Trucker","Electronics","$126.00","6","$21.00","$5.45","$15.55","975","16","4","1","12/05/2016","Seller Kings","4.3","4.00"" x 4.00"" x 4.00""","Large standard-size","0.5 lbs"
"B01N7WEGUK","Pro Trucker CB Radio Speaker Splitter Allows Dual Speaker Setup for Improved Sound and Sound Quality for Cobra  Uniden  Pro Trucker  Wilson Speakers and More","Pro Trucker","Electronics","$181.30","14","$12.95","$3.96","$8.99","199","32","4","1","01/25/2017","Seller Kings","4.5","4.45"" x 2.95"" x 0.63""","Small standard-size","0.04 lbs"
"B01I5NBU3E","Pro Trucker Deluxe Single Groove Mirror Mount with SO-239 Beehive Stud Mount - Bulk","Pro Trucker","Electronics","$126.00","6","$21.00","$5.45","$15.55","907","17","6","2","07/07/2016","Seller Kings","4.2","3.00"" x 3.00"" x 3.00""","Large standard-size","0.5 lbs"
"B01G2R5JY6","Pro Trucker Female to Female SO-239 Coax Connector Barrel Coax Adapter","Pro Trucker","Electronics","$54.89","11","$4.99","$3.32","$1.67","552","15","3","2","05/23/2016","Amazon","4","1.00"" x 0.50"" x 0.20""","Small standard-size","0.01 lbs"
"B01HH4M0TA","Pro Trucker Heavy Duty Chrome Plated Brass SO-239 Stud for CB Radio or HAM Radio Antenna (Bulk)","Pro Trucker","Electronics","< $59.80","< 5","$14.95","$4.12","$10.83","957","48","6","1","06/22/2016","Seller Kings","4.2","3.00"" x 0.50"" x 0.10""","Small standard-size","0.05 lbs"
"B01MQWLIX1","Pro Trucker Internal CB Radio Antenna Push-n-Twist Premium Quick Disconnect External Locking","Pro Trucker","Electronics","< $111.80","< 5","$27.95","$5.78","$22.17","341","19","4","1","12/14/2016","Seller Kings","3.8","5.00"" x 3.00"" x 2.00""","Large standard-size","0.25 lbs"
"B01MQSTOFJ","Pro Trucker Lot of (2) Heavy Duty CB Radio Antenna SO-239 Studs","Pro Trucker","Electronics","< $59.85","< 5","$19.95","$5.37","$14.58","693","39","3","2","12/04/2016","Seller Kings","4.2","5.00"" x 3.00"" x 2.00""","Large standard-size","0.4 lbs"
"B01GSIC1MC","Pro Trucker Push-n-Twist CB Radio Antenna Quick Disconnect","Pro Trucker","Electronics","N.A.","N.A.","$18.99","$4.44","$14.55","1,682","35","4","2","06/07/2016","Amazon","4.4","6.00"" x 2.20"" x 0.30""","Small standard-size","0.1 lbs"
"B01MR353RB","Pro Trucker Quick Release Antenna Vise Grip Mirror Mount with SO-239 Stud for 3/8"" x 24 Threaded Antennas","Pro Trucker","Electronics","< $59.98","< 5","$29.99","$5.99","$24.00","1,121","23","5","1","01/04/2017","Seller Kings","4.2","11.89"" x 4.49"" x 0.24""","Small standard-size","0.88 lbs"
"B01IA9ID4W","Pro Trucker Side Body Mount for 3/8-24 CB & Ham Radio Antennas","Pro Trucker","Electronics","< $79.60","< 5","$19.90","$5.13","$14.77","868","47","3","1","07/10/2016","Seller Kings","4.1","3.50"" x 2.80"" x 1.10""","Large standard-size","0.15 lbs"
"B01IA8DZHS","Pro Trucker Single Groove / 3-Way CB Radio Antenna Mirror Mount NO Stud - New!","Pro Trucker","Electronics","$103.60","8","$12.95","$4.81","$8.14","79","20","5","2","07/10/2016","Amazon","4.7","6.22"" x 4.57"" x 2.13""","Large standard-size","0.4 lbs"
"B01N2NH5RM","Pro Trucker Single Groove CB Radio Antenna Mirror Mount - NO Stud","Pro Trucker","Electronics","$74.75","5","$14.95","$4.97","$9.98","388","12","3","1","11/28/2016","Seller Kings","4.6","4.00"" x 4.00"" x 3.00""","Large standard-size","0.38 lbs"
"B01I5RB9M2","Pro Trucker Single Groove Slim Mirror Mount with SO-239 Stud Mount - Bulk","Pro Trucker","Electronics","< $59.85","< 5","$19.95","$4.52","$15.43","421","7","5","1","07/07/2016","Seller Kings","4.5","2.70"" x 1.40"" x 0.20""","Small standard-size","0.15 lbs"
"B01G2RAKNG","Pro Trucker Stainless Steel Antenna Mounting Bar for Volvo Trucks","Pro Trucker","Electronics","$319.20","16","$19.95","$5.37","$14.58","842","28","4","1","05/23/2016","Seller Kings","4.6","6.00"" x 1.00"" x 1.00""","Large standard-size","0.46 lbs"
"B01IAD3ZD2","Pro Trucker Stainless Steel Heavy Duty SO-239 Stud Mount w/Allen Wrench","Pro Trucker","Electronics","< $17.90","< 5","$8.95","$4.26","$4.69","1,493","13","6","1","07/10/2016","Seller Kings","3.6","2.50"" x 2.00"" x 1.30""","Large standard-size","0.04 lbs"
"B01IA7MDRW","Pro Trucker Stainless Steel Single Groove Mirror Mount with SO-239 Stud Mount","Pro Trucker","Electronics","< $49.98","< 5","$24.99","$5.77","$19.22","1,215","16","6","1","07/10/2016","Amazon","4.2","4.00"" x 4.00"" x 4.00""","Large standard-size","0.5 lbs"
"B01N6EEBJ4","Pro Trucker Super Duty Weatherproof CB/Ham Radio Antenna Stud Mount with Allen Wrench - Stainless Steel","Pro Trucker","Electronics","< $59.96","< 5","$14.99","$4.74","$10.25","367","19","4","1","12/06/2016","Seller Kings","3.6","3.00"" x 3.00"" x 2.00""","Large standard-size","0.25 lbs"
"B0049U1NMQ","ProActive Sports View GPS Holder 3.0 for Golf Push Carts","Pro Active Sports","Electronics","N.A.","N.A.","$11.99","$4.50","$7.49","1,268","38","3","2","10/19/2010","Golf Store Outlet","3.5","9.40"" x 5.90"" x 2.00""","Large standard-size","0.25 lbs"
"B01BUALLBA","PROCOMM 12` FOOT RG59 CB RADIO CO-PHASE ANTENNA COAX MOLDED ENDS","Procomm","Electronics","< $77.97","< 5","$25.99","$8.91","$17.08","178","1","3","2","02/15/2016","dastore","4","10.00"" x 6.00"" x 6.00""","Large standard-size","2 lbs"
"B015BKB4T4","PROCOMM 18` FOOT CB / HAM RADIO ANTENNA RG58 A/U COAX WITH PL-259 MOLDED ENDS","Procomm","Electronics","< $33.27","< 5","$11.09","$6.47","$4.62","1,077","32","4","1","09/12/2015","Advanced Specialties Inc.","4.3","2.01"" x 7.72"" x 11.02""","Large standard-size","1.1729 lbs"
"B0017RG022","Procomm 3 Pin CB Power Cord 20GA 2 Amp Fuse","Procomm","Electronics","< $0.00","< 5","$14.99","$4.97","$10.02","410","2","3","3","04/12/2008","Amazon","3.9","6.00"" x 6.00"" x 3.00""","Large standard-size","0.63 lbs"
"B01BUALKQG","PROCOMM 3` Foot CB/HAM Radio Antenna RG58 A/U Coax with PL-259 Molded Ends","Procomm","Electronics","< $45.56","< 5","$11.39","$3.83","$7.56","379","33","4","3","02/15/2016","JBTools","4.5","0.60"" x 2.00"" x 4.00""","Small standard-size","0.1 lbs"
"B01BUALN36","PROCOMM 9` Foot CB/HAM Radio Antenna RG58 A/U Coax with PL-259 Molded Ends","Procomm","Electronics","< $71.80","< 5","$17.95","$4.98","$12.97","388","27","3","1","02/15/2016","Seller Kings","4.2","5.00"" x 2.30"" x 1.10""","Large standard-size","0.27 lbs"
"B00BD3RS62","ProComm JBC462 45 Degree Mirror Ant Mount","Procomm","Electronics","< $0.00","< 5","$12.99","$6.18","$6.81","1,687","1","3","1","02/07/2013","Seller Kings","5","9.00"" x 6.00"" x 5.00""","Large standard-size","1 lbs"
"B00WT7017O","Procomm JBC901 Heavy-Duty Lug Terminal Type Stud mount for CB & Ham 3/8x24 Antenna","Procomm","Electronics","$59.94","6","$9.99","$3.72","$6.27","473","1","4","2","07/01/2016","dastore","4","2.20"" x 1.00"" x 0.50""","Small standard-size","0.022 lbs"
"B00R2ALRTE","Procomm JBC930 Super Extra Heavy Duty 3/8-24 Stud Mount for Ham & CB Radio Antennas","Procomm","Electronics","$179.55","9","$19.95","$4.52","$15.43","618","48","4","4","12/15/2014","Seller Kings","4.1","1.70"" x 0.90"" x 0.60""","Small standard-size","0.02 lbs"
"B00B4D1K10","ProComm JBC935H Heavy Duty Groove Mirror Mount for CB Antenna","Procomm","Electronics","$173.94","6","$28.99","$7.46","$21.53","895","9","4","3","01/21/2013","Seller Kings","4.8","9.00"" x 6.00"" x 4.00""","Large standard-size","1 lbs"
"B00IH78HTY","ProComm PP8X1 1' RG8X COAX W/PL259'S","ProComm","Electronics","N.A.","N.A.","$23.63","$4.81","$18.82","1,597","3","3","3","02/15/2014","Seller Kings","3.6","0.59"" x 3.07"" x 5.51""","Small standard-size","0.1808 lbs"
"B073RQM3SL","Professional High Definition 58mm 0.43x Wide Angle Lens + 58mm UV Filter - for All Canon  Nikon  Sony  Panasonic  Olympus  Pentax Cameras","Deal-Expo","Electronics","< $15.98","< 5","$7.99","$4.41","$3.58","344","38","6","2","07/05/2017","Deal-Expo","3.7","4.00"" x 2.00"" x 2.00""","Large standard-size","0.5 lbs"
"B004Z8M3X0","Professional SCT SD SDHC 16GB (16 Gigabyte) Memory Card for Nikon Coolpix L24 L120 P300 P500 S9100 S6100 S4100 S3100 with custom formatting","Intel","Electronics","N.A.","N.A.","$8.94","$5.68","$3.26","1,652","39","4","1","05/03/2011","MemoryMarket","4.6","4.80"" x 2.90"" x 0.60""","Large standard-size","1 lbs"
"9831603753","Professional Ultra SanDisk 32GB MicroSDHC Raspberry Pi 3 Model B+ card is custom formatted for high speed  lossless recording! Includes Standard SD Adapter. (UHS-1 Class 10 Certified 80MB/sec)","SanDisk","Electronics","< $47.80","< 5","$11.95","$0.72","$11.23","1,234","26","6","2","12/06/2015","First Choice Online","4.5","0.09"" x 4.00"" x 6.00""","Standard (Small)","0.05 lbs"
"B01N0R6QU2","ProFolio by Itoya  Art Profolio Advantage  24 Sheets Presentation Book - Landscape  14 x 11 Inches","PROFOLIO","Arts, Crafts & Sewing","< $70.80","< 5","$23.60","$7.03","$16.57","21","30","6","3","01/31/2011","Amazon","4.7","14.40"" x 11.40"" x 0.60""","Large standard-size","1.85 lbs"
"B07YS1XNYC","ProFolio by Itoya  Art Profolio Advantage  24 Sheets Presentation Book - Portrait  11.75 x 16.5 Inches","ProFolio by Itoya","Electronics","N.A.","N.A.","$29.95","$8.19","$21.76","135","5","6","3","04/22/2013","Adorama","4.6","17.01"" x 12.28"" x 0.94""","Large standard-size","2.25 lbs"
"B0027J5CIW","ProFolio by Itoya  ProFolio Multi-Ring Refillable Binder - Landscape  14 x 11 Inches","ProFolio by Itoya","Electronics","$166.00","5","$33.20","$8.45","$24.75","29","19","6","5","04/23/2009","National Art Supply","4.4","16.40"" x 12.20"" x 1.50""","Large standard-size","2.3 lbs"
"B01NBIHZ61","ProFolio by Itoya  Project Folder - 11 x 14 Inches","ProFolio by Itoya","Electronics","N.A.","N.A.","$15.95","$4.82","$11.13","220","2","6","1","12/07/2016","BuyBoxer","5","14.00"" x 11.00"" x 1.00""","Large standard-size","0.15 lbs"
"B000J41Y0M","Profoto 120V / 300W Modeling Lamp for D1 Monolight","Profoto","Electronics","< $0.00","< 5","$10.45","$4.38","$6.07","42","23","4","1","04/06/2007","BulbAmerica","4.8","4.33"" x 1.65"" x 1.65""","Large standard-size","0.02 lbs"
"B005EVCD3W","Progo Brand Li-Ion Rechargeable Replacement Battery for Canon BP-808  Works on Canon FS10 FS11 FS100 FS21 FS22 FS200 FS31 FS300  VIXIA HF10 HF11 HF100 HF20 HF200 and More.","Progo","Electronics","$327.00","30","$10.90","$4.41","$6.49","220","23","5","1","04/19/2011","YoKool","4.3","3.30"" x 1.80"" x 1.10""","Large standard-size","0.05 lbs"
"B00BWW1WBQ","Progo DSLR Timer Remote Control Shutter for Canon EOS-1V/1VHS  EOS-3  EOS-D2000  D30  1D  1Ds  EOS-1D Mark II III IV  EOS-1Ds Mark II III  EOS-10D  20D  30D  40D  50D  5D  5D Mark II  5D Mark III  7D. Fully Compatible with Canon RS-80N3. Retail Packaging.","Progo","Electronics","N.A.","N.A.","$17.90","$5.20","$12.70","631","16","5","1","03/18/2013","YoKool","4","9.00"" x 3.60"" x 1.40""","Large standard-size","0.55 lbs"
"B004DWI12U","Projector Ceiling Mount for Sony BRAVIA VPL-VW350ES","beamUP","Electronics","< $0.00","< 5","$16.99","$6.50","$10.49","1,839","1","4","1","11/24/2010","BeamUp USA","5","11.00"" x 9.00"" x 2.00""","Large standard-size","2 lbs"
"B008M50ZMI","Prolimatech Pk-2 Nano Aluminum Thermal Compound - 1.5g","Prolimatech","Electronics","N.A.","N.A.","$8.40","$3.42","$4.98","114","12","3","1","08/16/2013","MemoryC","4.9","3.94"" x 0.79"" x 0.55""","Small standard-size","0.022 lbs"
"B008M514CS","Prolimatech Pk-2 Nano Aluminum Thermal Compound - 5g","Prolimatech","Electronics","N.A.","N.A.","$15.99","$4.50","$11.49","100","5","5","1","08/16/2013","Performance-PCs","4.7","6.69"" x 0.98"" x 0.79""","Large standard-size","0.04 lbs"
"B00091SCJ6","Promaster 52mm Red Filter","ProMaster","Electronics","N.A.","N.A.","$17.00","$4.90","$12.10","1,137","1","2","3","10/01/2001","PHOTO FINISH","5","0.80"" x 3.20"" x 5.00""","Large standard-size","0.1 lbs"
"B002GJ9Q08","Promaster 52mm Sepia Filter","ProMaster","Electronics","N.A.","N.A.","$24.95","$5.54","$19.41","1,691","1","1","1","07/06/2009","N.A.","2","3.00"" x 2.75"" x 1.00""","Large standard-size","0.25 lbs"
"B0039PEQY4","Promaster 55mm Universal Lens Hood","ProMaster","Electronics","N.A.","N.A.","$12.95","$4.58","$8.37","1,957","1","3","3","03/30/2010","CameraSpot","5","3.00"" x 3.00"" x 2.00""","Large standard-size","0.3125 lbs"
"B00427M6G8","Promaster 62mm Standard Lens Cap","ProMaster","Electronics","N.A.","N.A.","$7.95","$3.56","$4.39","1,937","1","2","2","09/06/2010","CameraSpot","5","3.10"" x 2.60"" x 0.20""","Small standard-size","0.022 lbs"
"B00JUV1W4I","Promaster 9'' Wide Angle Reflector","Promaster","Electronics","N.A.","N.A.","$14.99","$11.46","$3.53","988","1","2","2","04/21/2014","PROCAM","5","0.00"" x 0.00"" x 0.00""","Standard (Large)","2 lbs"
"B00B4WM1C8","Promaster Camera Pistol Grip","ProMaster","Electronics","N.A.","N.A.","$19.95","$5.14","$14.81","1,012","1","3","1","01/22/2013","Camera Exchange of Michigan","1","8.40"" x 4.10"" x 1.60""","Large standard-size","0.022 lbs"
"B06XKPHJDQ","Promaster Clean Air Filters 8356 (for 8349 filtered Blower) - 5-pack","ProMaster","Electronics","N.A.","N.A.","$5.95","$3.40","$2.55","1,125","1","4","4","03/13/2017","Dodd Camera","5","0.16"" x 2.72"" x 4.72""","Small standard-size","0.0132 lbs"
"B000ALXL1O","Promaster Flash Coil Cord-PC Male to PC Female 15f","Coby","Electronics","N.A.","N.A.","$10.95","$4.42","$6.53","320","1","2","1","07/25/2005","Norman Camera & Video","3","4.00"" x 3.00"" x 1.00""","Large standard-size","0.35 lbs"
"B076425P57","Promaster Impulse Small Shoulder Bag - Black","ProMaster","Electronics","N.A.","N.A.","$34.95","$8.59","$26.36","463","3","3","4","09/20/2017","Amazon","4.2","5.63"" x 6.61"" x 7.48""","Large standard-size","0.8311 lbs"
"B00IEIU3QQ","Promaster Memory Card Storage Case - Single","ProMaster","Electronics","N.A.","N.A.","$4.49","$5.44","-$0.95","848","1","3","2","02/11/2014","CameraSpot","5","1.00"" x 1.00"" x 1.00""","Large standard-size","1 lbs"
"B000UK2M9W","Promaster Memory Card Storage Cases  Includes 5 Cases per Package","ProMaster","Electronics","N.A.","N.A.","$8.95","$5.68","$3.27","690","1","3","3","02/07/2012","CameraSpot","5","5.75"" x 4.00"" x 1.25""","Large standard-size","1 lbs"
"B008OI429A","Promaster Modular Remote Cord - Nikon DC1","ProMaster","Electronics","N.A.","N.A.","$6.95","$3.48","$3.47","537","1","3","5","07/23/2012","CameraSpot","5","4.00"" x 2.50"" x 0.25""","Small standard-size","0.06 lbs"
"B06XX41ZRD","Promaster Nikon DK19 Eyecup - Fits: D500  D810  D800  D800e  D700  Df  D5  D4s  D3x  D3s  D3  and others","ProMaster","Electronics","$119.50","10","$11.95","$4.50","$7.45","131","33","4","4","03/27/2017","Amazon","4.1","2.76"" x 4.96"" x 6.38""","Large standard-size","0.0838 lbs"